#com
COM ATOMS=1-29     LABEL=c1


COM ATOMS=149,278,407,536,665,794,923,1052,1181,1310,1439,1568,1697,1826,1955,2084,2213,2342,2471,2600,2729,2858,2987,3116,3245,3374,3503,3632,3761,3890,4019,4148,4277,4406,4535,4664,4793,4922,5051,5180,5309,5438,5567,5696,5825,5954,6083,6212,6341,6470,6599,6728,6857,6986,7115,7244,7373,7502,7631,7760,7889,8018,8147,8276,8405,8534,8663,8792,8921,9050,9179,9308,9437,9566,9706,9840,9974,10108,10242,10376,10510,10644,10778,10912,11046,11180,11314,11448,11582,11716,11850,11984,12118,12252,12386,12520,12654,12788,12922,13056,13190,13324,13458,13592,13726,13860,13994,14128,14262,14396,14530,14664,14798,14932,15066,15200,15334,15468,15602,15736,15870,16004,16138,16272,16406,16540,16674,16808,16942,17076,17210,17344,17478,17612,17746,17880,18014,18148,18282,18416,18550,18684,18818,18952,19086,19220,19354,19488,19622,19756,19890,20024,20158,20292,20426,20560,20694,20828,20962,21096,21230,21364,21498,21632,21766,21900,22034,22168,22302,22436,22570,22704,22838,22972,23106,23240,23374,23508,23642,23776,23910,24044,24178,24312,24446,24580,24714,24848,24982,25116,25250,25384,25518,25652,25786,25920,26054,26188,26322,26456,26590,26724,26858,26992,27126,27260,27394,27528,27662,27796,27930,28064,28198,28332,28466,28600,28734,28868,29002,29136,29270,29404,29538,29672,29806,29940,30074,30208,30342,30476,30610,30744,30878,31012,31146,31280,31414,31548,31682,31816,31950,32084,32218,32352,32486,32620,32754,32888,33022,33156,33293,33436,33579,33722,33865,34008,34151,34294,34437,34580,34723,34866,35009,35152,35295,35438,35581,35724,35867,36010     LABEL=c2

CV1: DISTANCE ATOMS=c2,c1 SCALED_COMPONENTS





PRINT STRIDE=1 ARG=CV1.c FILE=COLVAR
